$ANSIBLE_VAULT;1.1;AES256
33666165393439613034653835393364343536323132316361363232396634303932373932353536
3639383237373764623338613963326232313433373065390a636665643333316532656134356563
66636463326638386535366438366433393564666264623066613038386330656233613331313935
3332653336616235320a306431326664643765636439333630396230636633356562623661323433
37313437646563623366356263323761343536346232636539613766323164613937333465386239
62663931646131613130643434613237386562333233626237353132656336373366323337336637
31386338343935336139313938643134323630663130643730323431333130346633393938336533
39306533633237303532663535666536383466343637356635643036666433303961383037303537
31393465663564396130313130643430383462303130646562613933353734396632303163333330
30353566653362373037353432383436333963353266373833653334386664383335303634613832
62303339383232623963396439373663336163316262643238323464663038393165343233353438
38393562386332663036663036383238376363643139633465666132303862616534396466386139
33666135363435623533303633326438323836646536326366636531383236363263383863636164
32633039353864613461643966373033353238333635663164376432336166643261653035616236
39343561666237633732636138633765373738346265653865316633646264336266626233333838
39386330353263663334643938623134323835353561353962663739373533396466653031303739
35326430373062633535366137333261616539386631383333623638613031376132303137643235
66383136613032393961376631353934316363336663303636363939633733366464663234353865
36393666333434363631306361613737323438643061653065383534383236383632363431613332
35646463313834376263313033386361356436333330356236313065303638613139373037363631
33376235393663383861303335626634396532313965353730386630663435323739643463363232
35646466323033316132353966373863313638623262623934343962366661306534376630333232
64393262393932376561383134373630303231393366353830623864313965366431646435326130
66653534363565623535383762383661363732356436383635316561663566336433373435313437
36333630393563333739643537666633363665643338386337333931616332333634356633376161
38626434336363646361383339303135646531386463666164633036396438636365613865326264
30363161376263343766653238623634313832616430386539636330393638373638313335373236
31346661366262376362383965653935313430663437393236303231313761323331346638623766
63663761613861333935343134383233616432343930646237373732653764316166646234666461
61303935383162663862646361646233363932666339393336303865636534306238343732346234
65313931666462303765373565363564616237323931666630616436663233383637373437393866
34313439323362633236363366373463383237376466343838643831393364303263393537646262
31383562363236623632613134333432343539313766356631393035313033633564373131383662
35653166643164306666313432663663623762363265373539353036643738376365663962383063
38393435396233396162376639356536343237343964623931653065363831313936366165346263
35333233376436323635393336376131373739613334663065393536316237383033623836313534
37623861343233623831616531356131316162643966363933393839333566663663363535323938
3436343166376536323031633639313764346134636364313765
